kinematics:
  shoulder:
    x: 0
    y: 0
    z: 0.1805179768100585
    roll: -0
    pitch: 0
    yaw: 7.056229432006456e-08
  upper_arm:
    x: -8.86152221715942e-05
    y: 0
    z: 0
    roll: 1.570471643943475
    pitch: 0
    yaw: 2.390365068790099e-06
  forearm:
    x: -0.6122747452040092
    y: 0
    z: 0
    roll: 0.0006721601883048204
    pitch: -4.669103641745852e-05
    yaw: 3.21420049084925e-06
  wrist_1:
    x: -0.5710095799476579
    y: 0.0005693905510434966
    z: 0.1747471444380392
    roll: 3.138334296849137
    pitch: 3.140474706431593
    yaw: 3.14159072360298
  wrist_2:
    x: 1.699745695623238e-05
    y: -0.1198120725580411
    z: -1.434469210034158e-05
    roll: 1.570916053394442
    pitch: 0
    yaw: -4.500893244728781e-07
  wrist_3:
    x: -6.794664123884814e-05
    y: 0.1156866440472566
    z: -4.60754437153379e-05
    roll: 1.570398048828943
    pitch: 3.141592653589793
    yaw: 3.141592001586498
  hash: calib_1043169244085109400